%YAML:1.0
---
model_type: PINHOLE
camera_name: camera
image_width: 960
image_height: 600
distortion_parameters:
   k1: 0
   k2: 0
   p1: 0
   p2: 0
projection_parameters:
   fx: 645.562744140625
   fy: 645.5755004882812
   cx: 473.1474914550781
   cy: 296.88128662109375