%YAML:1.0
---
model_type: PINHOLE
camera_name: camera
image_width: 960
image_height: 600
distortion_parameters:
   k1: 0
   k2: 0
   p1: 0
   p2: 0
projection_parameters:
   fx: 643.7778930664062
   fy: 643.7177124023438
   cx: 473.85888671875
   cy: 305.5508728027344

   