%YAML:1.0
---
model_type: PINHOLE
camera_name: camera
image_width: 960
image_height: 600
# distortion_parameters:
#    k1: -0.25469040870666504
#    k2: -0.45550838112831116
#    p1:  0.0002041579718934372
#    p2: -0.0003506923676468432
#    k3: -0.0394737645983696 
#    k4:  0.1721038669347763 
#    k5: -0.659599781036377
#    k6: -0.1729423552751541
distortion_parameters:
   k1: 0.0
   k2: 0.0
   p1: 0.0
   p2: 0.0
projection_parameters:
   fx: 645.562744140625
   fy: 645.5755004882812
   cx: 473.1474914550781
   cy: 296.88128662109375
# projection_parameters:
#    fx: 600.0
#    fy: 600.0
#    cx: 480.0
#    cy: 300.0